"V1","V2","V3"
0.151720714215081,-0.542598660475927,0.13275433157105
-0.163665941297249,-0.032306516559223,0.186061949818395
-0.00844863948954622,-0.233659649274515,0.286426681675948
0.219341257438667,0.28538075139535,0.454103894997388
0.231279018967493,-0.521674557389092,0.100840965518728
-0.104070304463537,0.0723011443611129,0.449194842483848
0.16353381421073,-0.540267146435725,0.472337634302676
0.455795786785255,-0.380210580373466,0.330398896243423
-0.180537285692344,0.373885368194945,0.31455702194944
-0.0204265281600597,0.394755882623778,0.0308931352337822
0.0276960162721593,0.0272036088891906,0.10298728744965
-0.110111978297625,0.0680020467711801,0.0882783762644976
-0.0669484135845029,0.0884547087686837,0.343511423328891
-0.303400509776386,0.30706093279378,0.192051859106869
0.0275492214703363,-0.23976193791274,0.384920709999278
-0.468747913935391,-0.119358826977805,0.248849621042609
0.312582964775445,-0.00903997291593268,0.358809254132211
-0.41407535985028,0.178454755839463,0.495953047415242
0.620012045207264,-0.0632804179804415,0.190017589717172
0.0150986687263015,-0.238305310070524,0.388722610659897
-0.459718279727647,-0.165151379762757,0.467352615552954
0.400440883471898,-0.429604140308978,0.106071260641329
-0.118491963402654,0.0610466957210292,0.325836883042939
-0.134691807690455,0.386671109056769,0.0627775479806587
-0.000550286200619246,0.0788866741386492,0.133610334363766
-0.163983684338047,-0.0360507953228663,0.193057046271861
0.033772762433497,-0.240240381953109,0.00669516657944769
0.0082945664566653,0.00140903284984233,0.191193978535011
0.0222737962029047,-0.239226748591112,0.434845422860235
-0.0364298803993362,-0.545227180865952,0.17017449834384
-0.0902024026453325,-0.19389253385135,0.241040057735518
0.295252304167173,-0.0676343702102232,0.299782912712544
0.118365397569062,0.357639936460721,0.246770653524436
0.309080341120562,-0.025140908454306,0.0931088007055223
-0.0813903442631991,0.0840567712274299,0.413686659303494
-0.292885380992405,-0.429495427611221,0.334233369096182
-0.218178509735495,0.35889632285836,0.39711993036326
-0.423884674334496,-0.26335970689905,0.0539718129439279
0.0144259052730649,0.0662710338674727,0.361855473020114
-0.43013254101022,0.147503164173878,0.205637214821763
0.113756508109612,-0.232025602619928,0.410473147057928
-0.324044025320646,-0.401324528941748,0.323530096909963
-0.111267134210213,0.391037831265682,0.39146638114471
-0.450402961405782,-0.197821741329039,0.276518155820668
0.273123838712175,0.214820339210436,0.264859790098853
0.309889786121861,0.12143261066664,0.394678115844727
-0.43653801739,-0.235410218510152,0.0116656011668965
0.0140338685281841,0.00423666465111805,0.238615032518283
0.287661029509824,-0.0846324395637224,0.3661568693351
-0.448808794452263,0.101424212560025,0.346365778241307
-0.327326579577875,0.286888758997437,0.238809811067767
0.288307033441578,-0.0832911727665824,0.43060473841615
-0.0933046570956119,-0.533008878585668,0.219048553612083
0.196096409417138,-0.193175464507767,0.122398638515733
-0.153482053833439,0.0100488780729601,0.0353395235724747
0.0280143213241662,0.0344579902169754,0.0497330800862983
0.0197107550936529,0.0593067458081016,0.158135853591375
-0.133700527635649,-0.147015504821285,0.259317131596617
0.316974076456783,0.0756113370564537,0.33100253820885
-0.186528741383627,0.371781492961109,0.203415093594231
0.0995403348629185,-0.235441642486011,0.456437962129712
0.262809783219948,-0.509824902834431,0.146801686380059
-0.157469357926357,-0.0960986896401467,0.229532863129862
0.251112668110924,-0.141914673623361,0.166197337093763
-0.106551002050787,-0.179624873174951,0.325435233535245
-0.130620528642699,0.387532749095271,0.129008390358649
-0.161294765420363,-0.0163043255099796,0.239272624137811
0.289816909530663,-0.0800870036328188,0.383155335322954
-0.471408665702104,-0.0979989209965125,0.0421234571840614
0.0259389305944547,0.0461429233925702,0.437660665018484
0.00222078946086706,-0.549976128267831,0.169536468922161
-0.0929500165586002,-0.191699795587464,0.419720175093971
-0.227922019980779,-0.475647149028226,0.173341744579375
-0.0758854716941507,-0.204181989604311,0.166887465398759
-0.103849016678614,-0.182199316585977,0.238175622536801
0.286180887287824,-0.0876423297115484,0.446099167922512
0.120213001085021,-0.547543690937415,0.432169735315256
-0.0725359106321344,-0.53821462068002,0.194994771736674
0.0458838501103268,-0.240703397613877,0.388660349417478
-0.459902471123456,-0.16440547582837,0.480308998608962
0.53115817947215,-0.286657755522044,0.217329742386937
0.186099369159049,-0.199882846102234,0.356257339357398
-0.398928787109544,0.203171688571898,0.199997184448875
0.0776464341295277,-0.239028703277263,0.162676075939089
-0.119424835143679,-0.165913236048126,0.378543574013747
-0.473806623802175,-0.0423090084460808,0.101346127572469
-0.105505731079051,0.0713296090864758,0.355560611234978
-0.394537030710404,0.209714760813401,0.0608459605136886
0.00317762216420479,0.0763952317622451,0.122744256979786
-0.153997169625707,0.00873992806634382,0.0716521897120401
-0.0205289976450621,0.087669295666317,0.119814707548358
-0.149286864870076,0.0195660478278407,0.0294671886367723
0.0273303999171579,0.02498474841179,0.321144129266031
-0.0869859835613827,0.39407539339973,0.438134606345557
0.00878098587646727,-0.550506157031795,0.389457338722423
-0.457453441971741,-0.173939920124823,0.39865441294387
-0.415012788328956,-0.280587285271764,0.227637226809748
0.242053428755749,-0.152443300479007,0.205042041023262
0.10995402855623,-0.23302479199136,0.405435121385381
-0.367562266575602,-0.352806946009814,0.302466645138338
0.0948333233867942,0.368070175479363,0.327361964038573
-0.150109461955977,0.383010032876817,0.176598635967821
-0.0600441657855574,-0.21364306231953,0.135130072943866
-0.164335649471274,-0.0427673504319163,0.496342030586675
0.6210877962433,-0.0572609959388637,0.316746632219292
-0.0424015316939129,0.395770659411751,0.106604067608714
-0.119898035742158,0.0597532023169071,0.0646861740387976
-0.00446403287007997,0.0811643756672852,0.239059017156251
0.289124443720281,-0.0815688481351117,0.462037234916352
0.335789693792859,-0.473663243998293,0.29938048357144
0.121812763367241,0.355946034465113,0.488085347460583
0.586051930921617,-0.180932633167405,0.365896255942062
-0.447815889048926,0.104287401862682,0.178363456041552
-0.0510169181103226,-0.218254839712912,0.215736845275387
0.176646041200974,-0.205652539023793,0.0741057803388685
-0.0267793657012719,0.0891905712143185,0.00653878774028271
0.00810617636984874,0.00134427344031285,0.357783033046871
-0.408164763187731,0.188533182012761,0.0515921178739518
0.0175517283377335,0.0624115264019689,0.223142174305394
0.218915152195909,-0.175229021195175,0.320050522568636
-0.0758639731655233,0.394967493119366,0.495919310022146
0.619915993144893,-0.0638017711136522,0.247796788928099
0.310913367061081,-0.0172337403775102,0.242174762184732
0.29845922484136,-0.059466565363978,0.0867211674340069
-0.0623171872520967,0.0894011291670104,0.377410472254269
-0.47339793527506,-0.0287144247536142,0.226947744609788
0.238650558315232,-0.156140280522146,0.255584891885519
0.318018727327715,0.0449337494847944,0.10377255664207
-0.112282196741865,0.0663176178138899,0.114329071366228
-0.138534254248402,0.0380706173598919,0.297855998156592
0.134668660010373,0.349231314562241,0.287436099140905
0.212778742448861,0.291877901191566,0.0385321901412681
0.027435447482016,0.0398984630069869,0.0177702897926793
0.0201404615506147,0.00964503235501987,0.321397746098228
-0.0895667476571951,0.393823704160224,0.464307599817403
0.364036046134861,-0.455972028875469,0.299046211177483
0.1246594529923,0.35451384028571,0.280450374004431
0.254159130758778,0.244143497463922,0.263013861957006
0.312991295737889,0.106185073750452,0.492547611938789
0.608128562943438,-0.115252720955573,0.253820911166258
0.317491204705324,0.0305827380605981,0.341394039336592
-0.284871448828105,0.320774791650416,0.300770608824678
0.109812575459175,0.361655329569184,0.119434338877909
-0.148619683828251,0.0209256278668836,0.129082963336259
-0.161357142407983,-0.0166161985153164,0.364654811681248
-0.442836990087587,0.117805573376931,0.226285415701568
0.235329680524758,-0.159623862601438,0.0875633842078969
-0.0648189109361776,0.0889173587004105,0.373349134810269
-0.468760588164699,0.019460404837217,0.0524938201997429
0.0164149209080572,0.063890698102945,0.43227247451432
-0.071162850304659,-0.53852811572731,0.307322485838085
0.0501116895366456,0.382927822249045,0.278579769423231
0.263582197578865,0.230382279097506,0.164388659526594
-0.113356141340846,-0.172697404190247,0.226565722725354
0.236741259267579,-0.158157717624629,0.250220486312173
0.314431508882232,0.00174241659384878,0.0904331805650145
-0.073386918782655,0.0867686176707697,0.264815301401541
0.309973293773116,0.121065701046911,0.0376378728542477
0.0276678080913505,0.038360297309897,0.138877966324799
-0.164010783263996,-0.0596440606218079,0.106349759618752
-0.119228575020983,0.060373931083958,0.142395240487531
-0.162109006524401,-0.0757620261056141,0.447547051473521
0.140508309126871,-0.544569474274831,0.2231176616624
0.218783120898947,-0.175344590879181,0.389992444892414
-0.455698141329694,-0.180323572936289,0.440309517434798
0.0390371925689031,-0.551930460029406,0.206562104751356
0.119654487988376,-0.230350288495793,0.0319042402552441
0.0278794053384168,0.028811651966648,0.167743745842017
-0.100416816829145,-0.18533794823511,0.361862973310053
-0.430169254200239,0.147425136008408,0.168807666748762
-0.0960309547196224,-0.189148566030266,0.315207061241381
-0.0269282816667399,0.395184477132639,0.420307277003303
-0.221188025095332,-0.47962831076023,0.42806583235506
-0.12635339689243,-0.522873208579025,0.195679640513845
0.0501956693363062,-0.240720508134837,0.190246942802332
0.0164919487891319,-0.238501845676514,0.447722712997347
0.142967220000049,-0.544157342427767,0.322157881455496
-0.0973032543112966,0.3929680468701,0.370539324358106
-0.462710370624914,0.0520924230615721,0.302651723264717
0.0931771974880164,0.368732799301704,0.451540805748664
0.196104461909977,-0.532458261496078,0.146865077549592
-0.157383985730531,-0.0963910519221085,0.0956300549441949
-0.0888934228812647,0.0808661495375917,0.443225471652113
0.0798704067848495,-0.551217069995489,0.251669742865488
0.315979089701447,0.0132679200819508,0.43852877151221
0.0142468337091534,-0.550887314541811,0.0945968112209812
-0.0858262890236463,0.0822486622141139,0.379051526193507
-0.473862907946378,-0.04841900558873,0.362249446334317
-0.43204183113626,0.143392940585926,0.471862409147434
0.45076827906355,-0.38523924074436,0.27382329350803
0.284238771443653,0.193934837943076,0.355871933861636
-0.396512703165589,0.206802274897638,0.194452549912967
0.0424810442180251,-0.24063531100604,0.0504365630913526
0.0189230957192802,0.0604896557471725,0.463651044294238
0.355958758038809,-0.461263479452722,0.141616250155494
-0.16266634460488,-0.0721768885571093,0.29528657940682
0.155570752788251,0.336881649253862,0.0551803024718538
0.0126845348007765,0.0681715621851822,0.420253516058438
-0.22180750280984,-0.479267702308682,0.158981842221692
-0.131243080058604,-0.150626329923747,0.391425668494776
-0.450558277746139,-0.197340250715897,0.133754103677347
-0.164028661945788,-0.03668251293801,0.109322642441839
-0.126852249661692,0.0527395920074411,0.25839841819834
0.317506412388162,0.0680310902873809,0.134475296013989
-0.164217564540124,-0.0398632195352202,0.0905841636704281
-0.0738387157814095,0.0866339171705419,0.259288068744354
0.316993689710116,0.0753713416465192,0.281391467899084
0.249147288121457,0.250925291719436,0.0645784272346646
-0.00423715632571222,0.0810409525963477,0.128183802007698
-0.160565105967442,-0.0128755376686266,0.358967637992464
-0.414965529343565,0.176883113905134,0.480704968213104
0.534424811276136,-0.281589619956481,0.0500704232836142
0.0193375128607983,0.0598751282890027,0.381611344753765
-0.472942138359399,-0.0793159475578162,0.473983177333139
0.472767256577943,-0.362298296719902,0.409317344194278
-0.334618678384169,-0.390640487338,0.154146165354177
-0.144018216525086,-0.129540280089251,0.324789730249904
-0.124069985366156,0.388827974670681,0.476677725557238
0.499021013401922,-0.331348882697529,0.476866325014271
0.500784061219248,-0.329109961142998,0.169989601708949
-0.0910034522975135,-0.193261066129405,0.131237055058591
-0.162895325806332,-0.0257457616830464,0.0827269665896893
-0.0506008758049649,0.0908117270394466,0.161084028310142
-0.124733302619183,-0.159427550195337,0.255062603275292
0.317930115694347,0.0406722272395221,0.461984235676937
0.335120023724249,-0.47405571687484,0.255479849176481
0.318005493893751,0.0440758986840739,0.128810630412772
-0.146907243743621,-0.123748141142111,0.023230443475768
0.0243565268751432,0.0160918070585864,0.20892812917009
0.134657574363446,-0.225384506483303,0.427000751136802
-0.139953852533069,-0.518011919040063,0.173615338862874
-0.0745972529874217,-0.205022047206951,0.0657211602665484
-0.00667871303261365,0.0823171550553019,0.187243432272226
-0.00151724367399644,-0.235292144703299,0.315710114198737
-0.031973299457776,0.395442543679202,0.195039466838352
0.0461647848288886,-0.240706864163714,0.344813924399205
-0.314475837159935,0.29809226751724,0.344706706237048
-0.313573896658994,0.298845644497051,0.277450311579742
0.268920115333048,0.221904987157391,0.214812203892507
0.171083249175045,-0.208802904031272,0.226360031403601
0.235706305265312,-0.159234758114711,0.153221629443578
-0.146107472932248,-0.125402511473282,0.28917697200086
0.20101883182356,0.302727740688641,0.455185152124614
0.245952606512252,-0.516424449397775,0.0713020410621539
-0.0196601590375449,0.0874172708405247,0.207523812656291
0.125769486203707,-0.228449879365301,0.105462875333615
-0.116870527942929,0.0624907858614954,0.214375185430981
0.168436226348852,-0.210240769623413,0.0663449876010418
-0.00804408484440174,0.0829825971311461,0.230048222932965
0.253497580989725,-0.13896165310243,0.47147852962371
0.44666691277281,-0.389253299832962,0.380986930802464
-0.473352778833808,-0.0717668723084957,0.466454914421774
0.389896832674088,-0.437686325535485,0.235339248785749
0.275886626807448,-0.106519312228781,0.301794033846818
0.100816852288876,0.365599730620891,0.242494840291329
0.299323025642467,-0.0571391498688665,0.0544031582539901
0.0138161787396254,0.0669543862454214,0.123863416491076
-0.155587859413688,0.00444564791283976,0.249257265357301
0.313171346448478,-0.00584663535116182,0.186433354043402
-0.00627973921513726,-0.234194884339391,0.467345685116015
0.400360111487541,-0.429667511242724,0.261993038933724
0.314387313790711,0.0977400474129543,0.158572335843928
-0.132444318746678,-0.14888313570039,0.138983014738187
-0.163976681830406,-0.0601223086950351,0.393770253867842
-0.440779046854102,-0.224870837998765,0.351231256267056
-0.364931820260062,0.248258800762669,0.0825138193322346
-0.049984557313039,0.0908468175337749,0.0322287693852559
0.0279246727610765,0.029333458738741,0.377352810814045
-0.47336671795914,-0.0280240690399548,0.310205016518012
0.0224717693850407,0.389166863534235,0.0847883833339438
-0.0566121270329511,0.0902640088693953,0.0311070261523128
0.0277401194855378,0.0275414739146409,0.0545146343065426
0.0136564646107453,0.0671301054021016,0.190858175861649
0.0202184657909187,-0.238985729495751,0.0846554572926834
-0.0562219782727432,0.0903108282520396,0.149326271028258
-0.153656944214509,-0.107711016527039,0.0961047675227746
-0.0902979028527586,0.0801959777622084,0.128585010650568
-0.160929243795803,-0.0145392747633537,0.0906159114092588
-0.0739337211889689,0.0866053157250681,0.238656854839064
0.287800262782654,-0.0843448102248981,0.385368521441706
-0.467918640960793,-0.124771776027164,0.0138935612048954
0.0164055461841382,0.00597331226155888,0.263655388494954
0.311997785288664,0.111488786977406,0.440159534453414
0.036943838918997,-0.551885635245847,0.186531685991213
-0.00570394966346477,-0.234333219564226,0.023979565827176
0.0248247866209822,0.0170811149897348,0.0693141233641654
-0.0148441883221553,0.0858284904670218,0.160746060195379
-0.125818441762873,-0.158030061153161,0.0774158056592569
-0.0356209913419833,0.0905275542105034,0.0661140860756859
-0.0075360689598338,0.0827389176430285,0.110652963863686
-0.130108579652973,0.0490594652394012,0.113190398085862
-0.13601984061538,0.0416005646769629,0.0657082669204101
-0.00665073319509634,0.0823031653230616,0.490781730157323
0.600256554879284,-0.141610471430846,0.163506863405928
-0.11652687152095,-0.169230344672206,0.253469748538919
0.317309142470021,0.0277410746599848,0.34072125738021
-0.278856425373695,0.324904007420767,0.0495845515979454
0.0198724778716581,0.0590558545487934,0.0594512791140005
0.00571878210478126,0.0744894791285674,0.0252198297530413
0.025536196199131,0.0187695630568351,0.464626959874295
0.367936992236178,-0.453347083034023,0.336856116424315
-0.243238711275601,0.346443065464277,0.0474289277335629
0.0220395229440852,0.0553762808023123,0.246298060403205
0.308168624300035,-0.0287549945878249,0.230775920324959
0.25680629637775,-0.134727277402429,0.187608265434392
0.000641491607061572,-0.235754626624402,0.495549609768204
0.618834746801518,-0.0695070785676877,0.0881753568537533
-0.0666413058594871,0.0885243251266166,0.406717604259029
-0.357127648189948,-0.365621919987859,0.0342233185656369
0.0280548146676927,0.0325955272142284,0.20022487337701
0.0791029375870243,-0.238852078926033,0.0705721628619358
-0.0178685708015242,0.0868648045132917,0.0966549311997369
-0.0919213350361012,0.0793916919440009,0.420675858389586
-0.216925643101654,-0.482079050001135,0.359956994187087
-0.420390500319658,0.166970207944625,0.133606041548774
-0.163982304095119,-0.0360319451585527,0.247500822413713
0.310405385398872,-0.0195226102210713,0.04155694891233
0.0262356115484682,0.0451534073646217,0.176942120306194
-0.0583108286467433,-0.214569967087409,0.484604402678087
0.563950888168432,-0.229795807012229,0.312357094837353
0.00140976941231333,0.392516970109515,0.332309124874882
-0.199418667612573,0.366899498333736,0.156244828249328
-0.138853541023514,-0.138817449272648,0.202844806364737
0.0958860905167655,-0.236180102682816,0.498038685764186
0.625093668420799,-0.0308378500434503,0.427541178185493
-0.133073517265415,-0.520522949723586,0.476774198003113
0.499924096632295,-0.330204790071541,0.406152546172962
-0.361780500179914,-0.360012621875483,0.391091057914309
-0.451815329312956,-0.193378814263159,0.133939064457081
-0.164082956470378,-0.0374963927812206,0.381075764773414
-0.473301702631545,-0.0728404995973814,0.493155794567429
0.610572111970938,-0.106075010496303,0.146802774514072
-0.157467896966848,-0.0961037083847683,0.199675553478301
0.0755899796058713,-0.239263142197998,0.406065761926584
-0.36248740120605,-0.359145920745051,0.038575834594667
0.0274226920308911,0.0399737591270967,0.181848404929042
-0.0323496011987578,-0.226216104779417,0.221296233590692
0.208811224606385,-0.183661077742678,0.0783570662606508
-0.0382113988439392,0.0907497638841346,0.291102635092102
0.187377516592561,0.314176519991326,0.485081089427695
0.567220811567467,-0.223242474230588,0.49474991671741
0.616316681266381,-0.0817976256451343,0.0882260182406753
-0.0667923199200489,0.0884902148091573,0.271065212204121
0.293997186714647,0.172031550073065,0.192151946015656
0.028166916258645,-0.239816794794041,0.338082025409676
-0.254719278132469,0.340018463373069,0.134646889870055
-0.164253447302144,-0.0406228249306276,0.234625471173786
0.273100641587964,-0.111113061424146,0.0859000411583111
-0.059886602137196,0.0898095526915954,0.18459473119583
-0.0169226887764852,-0.231350480817746,0.362702636281028
-0.434189515231638,0.138636053281547,0.243074552156031
0.300841210367947,-0.052898336423323,0.0319012333638966
0.0278789548299523,0.0288068297736688,0.392273114994168
-0.447219473533783,-0.207338975949694,0.209160817903467
0.136124773680467,-0.224843300432846,0.490509042399935
0.59893898689892,-0.14563994103332,0.141441977932118
-0.162780350191602,-0.0713757870079817,0.423941074754111
-0.178050096160816,-0.502105707601553,0.0411196154309437
0.0264490132573046,0.0443902016115153,0.443229375290684
0.0799251897543241,-0.551214086014429,0.235965365427546
0.278266952062465,-0.102436752163507,0.0545504817273468
0.0136049189797722,0.0671865329675399,0.166638992261142
-0.104828476347502,-0.181276951050562,0.418708284618333
-0.239365000912146,-0.468565169262741,0.138424920849502
-0.164142046545293,-0.0575842974591491,0.29351757070981
0.169369082155112,0.32765956491319,0.418366134865209
-0.243186485065912,-0.466108337887037,0.0355770119931549
0.0279950290735341,0.0348572693888189,0.351389371673577
-0.366080211193179,0.246917757543367,0.34941226860974
-0.351375846678228,0.263306153295836,0.231981190503575
0.262130898537666,-0.127550242933889,0.21846555522643
0.192730664815035,-0.195506169428641,0.281088393880054
0.250780964104564,0.248752047274223,0.464241613168269
0.363227721603015,-0.456510240446323,0.115233207121491
-0.140465622061592,0.0351891883480209,0.110906877205707
-0.130718273233964,0.0483388473664782,0.210107946651988
0.142078324339454,-0.222542784799556,0.166760402848013
-0.104350817197214,-0.181728286248336,0.432403775164858
-0.069406428213202,-0.538923662347696,0.0885972678661346
-0.0678995803144943,0.0882328875943831,0.246659364318475
0.30886945550227,-0.0259935796354772,0.214856683393009
0.171352034470278,-0.208654716618315,0.282131921499968
0.245077996027048,0.256190484333259,0.328081157756969
-0.157352524772588,0.38106969042579,0.489277031389065
0.592650735246101,-0.163700400516547,0.116080574225634
-0.142221314566246,0.0324266954355238,0.120405798079446
-0.150298889364645,0.0174317810222718,0.398418041993864
-0.416425272039052,-0.277952001336636,0.415835857507773
-0.270669118026633,-0.446991829134854,0.0567538532195613
0.0102638696031964,0.0705765688905433,0.481656008167192
0.542072471164572,-0.269268126523541,0.0736614498309791
-0.0256271193870284,0.088947518363004,0.0718134713824838
-0.0209311993260063,0.0877825079909016,0.462614967604168
0.343060076193168,-0.469323927547069,0.253517801291309
0.317335557270424,0.0281295995537101,0.0774255085270852
-0.035647533606077,0.0905302101284341,0.174151026061736
-0.0720519361007617,-0.20664339373792,0.329910512897186
-0.175674518026735,0.375517239661525,0.15588618721813
-0.139777552388332,-0.137244499498342,0.175786704639904
-0.0640949309157752,-0.211396993097914,0.0739228534512222
-0.0263039437619217,0.0890922804786113,0.329438804532401
-0.17096560056869,0.377033623119095,0.0925349822500721
-0.079675610555093,0.0846965593453229,0.477189068449661
0.50377783549339,-0.325257090653884,0.448924246011302
0.159759497434228,-0.541040688560589,0.471848527202383
0.450620587587428,-0.385385148277277,0.36184537562076
-0.430083092904013,0.147608197399138,0.185178532963619
-0.0135692691795322,-0.232306246819498,0.390508770127781
-0.453920006592927,-0.186468213883792,0.00557475432287902
0.00693679515447069,0.000978316450534983,0.470154356095009
0.432250159734692,-0.402765762445456,0.496874613105319
0.622465788089686,-0.0489952101427877,0.17870287259575
-0.0492468046221064,-0.21909823247071,0.373817531741224
-0.469545537129476,0.0139583778702506,0.396454511908814
-0.427512019579377,-0.255804902211372,0.352929503191262
-0.377006436892527,0.233585541390552,0.237912519369274
0.285279614050333,-0.0894338687467489,0.247327263001353
0.310099665190029,-0.0208617763339616,0.154026224394329
-0.144295689913569,-0.129005100290201,0.347506123129278
-0.33651754654973,0.27830430771234,0.411396652809344
-0.315350647929208,-0.409656494924398,0.217358820373192
0.186270314739009,-0.199773514996195,0.257366326404735
0.317889281181956,0.059534489535442,0.331505483831279
-0.19150372334538,0.369955336311705,0.0715832932619378
-0.0203575691349681,0.0876203797495413,0.172243696870282
-0.0809744520127209,-0.200730650153188,0.202881791163236
0.0961231083843515,-0.236133918296401,0.0426555029116571
0.0256394202506829,0.0470727799973962,0.466285964124836
0.387894280129167,-0.439178820022911,0.419192033354193
-0.233920612214796,-0.471985323133498,0.439716648077592
0.0307676770091964,-0.551706974321926,0.467856233823113
0.406283632859938,-0.424958801591139,0.0362303167348728
0.0279224451726523,0.0359606522000113,0.189379720250145
0.0112386683458207,-0.237716054243334,0.26893246138934
0.300409359463885,0.154805542046612,0.0525250693317503
0.0163744793989447,0.0639416115486415,0.400843852781691
-0.401143729202871,-0.304651855062506,0.369820872903802
-0.460799182091741,0.0603212921489855,0.026074506691657
0.0259786953144248,0.0199682421118703,0.241084786597639
0.295382952262739,-0.0673149060803683,0.46025892032776
0.313081889006341,-0.486314018089127,0.0207642144523561
0.0226199010348605,0.013007266269772,0.146995899500325
-0.157206118840578,-0.0969943170643049,0.250425243633799
0.314675669740061,0.00336323629778277,0.304874467547052
0.0729758376719914,0.376102142821732,0.132124524796382
-0.163378004745031,-0.0295709889661913,0.211549304774962
0.151074345125506,-0.218741441586841,0.183281808160245
-0.0243714625256602,-0.22902563456948,0.471252661198378
0.444237136360125,-0.391594916244593,0.0618617825675756
0.00124687292077115,0.0777278084299246,0.0350163396215066
0.0280345338608892,0.0339162788369086,0.482158518978395
0.545998910883947,-0.262674506108333,0.221255054115318
0.208582211371677,-0.183842872758453,0.185136190149933
-0.0138133203934877,-0.232238559307845,0.0851217900635675
-0.0179182354995671,0.0868807235914444,0.027095214696601
0.0264545273152946,0.0214355367850524,0.328914034646004
-0.16571382439491,0.378651491325078,0.289080958347768
0.201681768613876,0.30214143249925,0.493550881976262
0.612085254175824,-0.100087245703938,0.30189620074816
0.099911569803857,0.365981250370847,0.0324749593855813
0.0279545619110588,0.0297310668552051,0.0810545409331098
-0.0457953394610735,0.0909805482874608,0.237698960234411
0.284539843366916,-0.090882109549456,0.00096641737036407
0.00121407767877546,2.94941901715118e-05,0.220729571534321
0.205646537477732,-0.186138334693969,0.130464868620038
-0.162403051346877,-0.0224469186264267,0.469206872745417
0.421685992510792,-0.412111521377768,0.357916641863994
-0.408948205582259,0.187231415127953,0.0815427391789854
-0.0471907056628384,0.0909563741079906,0.238094009226188
0.285902515407141,-0.0881989168802063,0.345128361484967
-0.31711062733712,0.295867344417082,0.230447589769028
0.2553220463494,-0.136647104457763,0.47757336916402
0.507304019126825,-0.320634254372522,0.356270061223768
-0.399007975865989,0.203051377201702,0.198573966627009
0.0685573217314452,-0.23993293320136,0.0588603060459718
0.00675664745066729,0.0736567925451966,0.120058136526495
-0.149707321457756,0.0186902408970608,0.431815283256583
-0.0772641526281885,-0.537106218672066,0.217988200834952
0.189955352106215,-0.197372068407825,0.248934025992639
0.312707466516397,-0.00837970341901294,0.345963836065494
-0.324035337801317,0.289843945948656,0.380156640894711
-0.4737125824413,-0.0617394499438338,0.0777006113203242
-0.0364014915929769,0.0906023601228493,0.42472854652442
-0.168390744736327,-0.506470016699615,0.473408909514546
0.466922774282884,-0.368636565620858,0.294209595187567
0.164030767973683,0.331334955310262,0.251125407638028
0.315447270577424,0.00892467331873309,0.0948899588547647
-0.0866977688487873,0.0818670168718658,0.000918429112061858
0.00115382460858492,2.66380506194326e-05,0.438789031119086
0.017860471348227,-0.551109221525928,0.0670556689146906
-0.00962693565879227,0.0837129109002654,0.0113706120755523
0.0137092325050122,0.00402800470159337,0.469568353029899
0.425740308846847,-0.40857808286682,0.146474361419678
-0.157901721905251,-0.0945886428031396,0.0821632872102782
-0.0489733483132255,0.0908958542595214,0.199551277910359
0.0747957201238486,-0.239349010800133,0.229787706048228
0.252296266428976,-0.140459196308701,0.217015424277633
0.184247710780267,-0.201055516381479,0.258504913188517
0.317453969321742,0.068909043127875,0.42312287632376
-0.187973323675401,-0.497376679542073,0.0275821432005614
0.0266608930406339,0.0221486774753347,0.277088530594483
0.27057337845242,0.219164526515992,0.344137618783861
-0.308757081475405,0.302799159436731,0.329028776846826
-0.166863273937845,0.378303960234826,0.331671362626366
-0.193140989934649,0.369338463988763,0.236117101274431
0.278834761595425,-0.101440016691931,0.484764083055779
0.565054690028448,-0.227605684580535,0.201098531368189
0.0846959790616704,-0.23809211964296,0.424776051891968
-0.167804696643574,-0.506727374628859,0.378322453703731
-0.473757532600295,-0.0396520792235322,0.266300609684549
0.306951063565967,0.133293384424183,0.437074830406345
-0.00586893709381052,-0.549213073426898,0.233557557803579
0.268791394809345,-0.117863157403536,0.00406422768719494
0.0050806386482077,0.000520775217748094,0.36388350231573
-0.439538583001276,0.126100060115486,0.358294739387929
-0.411142771734511,0.183530612096319,0.0937131855171174
-0.0831942602544032,0.0833483536640032,0.323033638414927
-0.10621623888694,0.391793543707581,0.270989639917389
0.294241345797407,0.171425033677375,0.167660379898734
-0.10075482050074,-0.185035141576752,0.318954361602664
-0.0647329233361181,0.395547976718069,0.414600531919859
-0.283569344332547,-0.437071986764591,0.354487599222921
-0.387565590884851,0.21961223416377,0.174275175435469
-0.0714577195126549,-0.207014677121178,0.0641639374662191
-0.00337094089325463,0.0805602863428473,0.19403924443759
0.039894223064044,-0.240551216295493,0.464088774169795
0.361352465548768,-0.457751370360585,0.402195385657251
-0.391882868292468,-0.319171979436776,0.379348403541371
-0.473859291654889,-0.0519939683980013,0.478624944458716
0.516735208913777,-0.307792562708434,0.496956939343363
0.622668982587198,-0.0477150766724587,0.303220497327857
0.0880620613641133,0.370722427463861,0.0146885827416554
0.0172146726564369,0.00666039314746794,0.168222678941675
-0.0984590162381952,-0.187065779787778,0.138829043367878
-0.164026193335676,-0.0594214132374201,0.0585987750673667
0.00720847141875569,0.0732837193014386,0.0216091295005754
0.0232475910719133,0.014033334043712,0.185154892853461
-0.0137055395003075,-0.232268488306182,0.168439154396765
-0.0975651992494803,-0.18784009604639,0.0868262767326087
-0.0626289558859258,0.0893443526554785,0.310886639752425
0.0158366792248361,0.3903505552737,0.198921813745983
0.0707760165915222,-0.239743650533279,0.477837884332985
0.509706523435978,-0.317430360092624,0.32667472155299
-0.143170745105022,0.384736117871517,0.164371858350933
-0.11341746146858,-0.172631877607681,0.0985733567504212
-0.0975392203165634,0.076355148039862,0.0576711624162272
0.0087737327820539,0.0719386670903084,0.497982739354484
0.624979475820847,-0.0317131922709826,0.189638362615369
0.0128011265616801,-0.237962526990596,0.280994046363048
0.251285729746905,0.248073399776996,0.366359008825384
-0.449566317183828,0.0991975539345171,0.435402776463889
-0.0288260095842884,-0.546383394893557,0.286085129831918
0.221518425878527,0.283149358456668,0.00551803549751639
0.00686759203828803,0.000958574063054519,0.453157630632631
0.218352254959922,-0.525928624174531,0.385326815769076
-0.467998513300395,-0.124267795538585,0.191252311691642
0.0226313985277331,-0.239266814399514,0.0470229444326833
0.0224099151656575,0.0546764607333599,0.0248267919523641
0.0253195170370787,0.018227833485308,0.410581159056164
-0.32303836404813,-0.402308546939841,0.414662152179517
-0.282934162273571,-0.437575647617229,0.327366437879391
-0.150154578646394,0.382998386280986,0.0664139065193012
-0.0081963140967804,0.0830547267230343,0.17090495058801
-0.0869997108313973,-0.196354954384551,0.365685789496638
-0.447000721854992,0.106593349562487,0.453645708039403
0.225029195111599,-0.523774184915674,0.348098499700427
-0.341204150699693,0.273729379598442,0.120789611130022
-0.150939661697332,0.0160321107843594,0.322053614305332
-0.0962419820141188,0.393094415240459,0.140375106828287
-0.163393620310868,-0.0664806966352887,0.478818260366097
0.518433842470223,-0.305401652922508,0.079197978368029
-0.0405512336027296,0.0908870058611032,0.209169495850801
0.136179458665737,-0.224822933561377,0.126004898687825
-0.158291928274913,-0.00399864879776745,0.0471951338695362
0.0222542824148907,0.0549734978884705,0.413858884829096
-0.291144730870988,-0.430938487536269,0.262652751873247
0.313511061760188,0.103198245960381,0.333873813739046
-0.21469522937477,0.360465044825665,0.204138879897073
0.104175847831842,-0.23442323879503,0.421294951695018
-0.209706937454681,-0.486110156122407,0.368652733974159
-0.457380630884362,0.0735885648284923,0.174112200504169
-0.0722374345383469,-0.206526933845768,0.474469088716432
0.477645547327093,-0.356863324935903,0.32333959499374
-0.10932922782321,0.391335512951132,0.01763888343703
0.0200230375035939,0.00950763386911716,0.298224227852188
0.13159341924597,0.350895914478718,0.20765900076367
0.126627386688646,-0.22816978200002,0.0384485190734267
0.0274595315656827,0.0397541688848355,0.26402443961706
0.31138554341577,0.114537912479113,0.481166654266417
0.538172552117309,-0.275634113335737,0.354370025568642
-0.386786628086456,0.220683291177682,0.276737851789221
0.272149590943604,0.216496999169597,0.12147830449976
-0.152056583921435,0.0134937623208348,0.389021264505573
-0.458817953778565,-0.168726868386488,0.325970471720211
-0.136045028627689,0.38637505315851,0.415122851962224
-0.278157472089995,-0.441312002403823,0.324275473714806
-0.118845813692164,0.38978087942214,0.239917897153646
0.291862532010952,-0.0755798547010308,0.247532052802853
0.310459782975899,-0.0192813980808617,0.189936295733787
0.0146054950374274,-0.238233695771218,0.225242718588561
0.230001554403439,-0.164971671131178,0.407125875237398
-0.353711985374342,-0.369637761244685,0.464388612890616
0.365027366120924,-0.45530930668931,0.0737405226100236
-0.0258315349046496,0.0889918405104513,0.374910832499154
-0.471125663809084,0.00105580555743244,0.487828674842604
0.584564998472387,-0.184612262450368,0.487396231736057
0.582007670701836,-0.190785292756266,0.175312785082497
-0.0664286774943415,-0.210050761739285,0.196974528487772
0.058385555820219,-0.240541049275287,0.475475504528731
0.487550268169638,-0.345399991688838,0.0533241598168388
0.0153166305617085,0.0652351315455237,0.467380058253184
0.400760621668468,-0.429353059860172,0.173081049928442
-0.0771054915464937,-0.203374089134621,0.26653030293528
0.306440561885731,0.135179623611311,0.269397149677388
0.299096874342848,0.158576885255402,0.357358974870294
-0.405650918206253,0.192643908084218,0.202895250055008
0.0962093592397081,-0.236117052929484,0.0763940706383437
-0.0328455518703143,0.0902058581611694,0.170116380671971
-0.0904546142504566,-0.193694399601159,0.31332742376253
-0.00818737756334884,0.393653719988739,0.0286863391520455
0.0270783489591692,0.0237958856006477,0.425833819899708
-0.154660014456684,-0.512281322410326,0.106322672916576
-0.119157090662585,0.060439685920277,0.269731013919227
-0.470068471612252,-0.109724580566609,0.068243793095462
-0.0123367919508359,0.0848656772647585,0.162432570243254
-0.120257695094847,-0.164932005031792,0.310538146877661
0.0192333610207228,0.389759481036739,0.12799112428911
-0.1603841310205,-0.0120796654099713,0.317437899415381
-0.0493782126683904,0.395836299643309,0.242836053483188
0.300223867013989,-0.0546469843548511,0.469088458339684
0.420351539095157,-0.413260343718667,0.428750768536702
-0.117521955025581,-0.525810710062908,0.185441768844612
-0.0120491865448379,-0.232721283824307,0.157100914977491
-0.136579121384022,-0.142549426122806,0.414267179905437
-0.286990225416677,-0.434331419825552,0.225920756580308
0.233480023179858,-0.161513198951368,0.157939206110314
-0.134258322271554,-0.146170930186484,0.0489042687695473
0.0205927684147571,0.0579020264162867,0.0324502682778984
0.0279517380782717,0.0296911220834757,0.344728683237918
-0.313758916530208,0.298691440853497,0.334025301970541
-0.216164109231325,0.359808203328732,0.452273323899135
0.206207313853997,-0.529615698009406,0.150846635224298
-0.150951467815394,-0.114657960678352,0.466404352337122
0.389298118947535,-0.438133941443404,0.10099150869064
-0.104498886265624,0.072014219407377,0.396189377992414
-0.428920044766491,-0.25278133593013,0.112315254402347
-0.13402769637949,0.0442372946520742,0.0153782855486497
0.0178994133824348,0.00728448153496615,0.431017020600848
-0.0878608674106102,-0.534458277558611,0.342553752590902
-0.295097730921889,0.313397644237462,0.47103745478671
0.441910719693235,-0.393812010194508,0.337926880223677
-0.253275256151197,0.340852595115862,0.421560074202716
-0.206593158033267,-0.487803468815111,0.180947092478164
-0.0372795206951589,-0.224308035680012,0.196182942599989
0.0533734611906928,-0.240683791596754,0.283843698794954
0.235251621797899,0.268110739659774,0.0475760668050498
0.0219023283650845,0.0556294501777636,0.096892035799101
-0.0926194514191739,0.0790359270847626,0.294033196521923
0.165398858234384,0.330406270586035,0.375752084073611
-0.472099645583679,-0.0089246594351664,0.433619393617846
-0.0530602490271397,-0.542312657207481,0.185897868592292
-0.00940383293576395,-0.233416798577847,0.399407274788246
-0.410403276873915,-0.288933872151513,0.0291571962879971
0.0272346710807138,0.0245104728167057,0.311717854696326
0.0076996480539007,0.391640528741112,0.178320703329518
-0.0512391172079074,-0.218147595136827,0.293963966192678
0.16593441871153,0.330040258669053,0.45689232100267
0.268881747830327,-0.507295110457683,0.099721091450192
-0.100861719560704,0.074366097547137,0.184541811933741
-0.0172254317040781,-0.231261452325597,0.335704163881019
-0.232310889951234,0.352130757867221,0.384072275366634
-0.470147724310338,-0.109096110503667,0.261124138021842
0.315397119930953,0.0905504314318264,0.414037509006448
-0.289332008497735,-0.432427739165603,0.26354809734039
0.31217019711277,0.110602047744672,0.250877412501723
0.315185204598468,0.00695152205302271,0.209986659931019
0.141317671272443,-0.222846128726443,0.181149141630158
-0.0361803523739424,-0.22474512504328,0.061714455136098
0.00153101484765484,0.0775375577261235,0.149080764735118
-0.154064904304189,-0.106585346187481,0.138338244869374
-0.164164241615839,-0.0571907603247927,0.385112677817233
-0.43131936358678,-0.247502445426611,0.38909065106418
-0.458604800823582,-0.169556969421888,0.0718936403281987
-0.0211315905933131,0.0878381049816194,0.257763075293042
0.317768956001099,0.0627979329783612,0.29862024274189
0.128264611143884,0.352655928571147,0.252921512001194
0.316974167462365,0.0233159363427452,0.193049816531129
0.0337278463171055,-0.240237517680012,0.213049050420523
0.160338741295693,-0.214402289607122,0.00587986735627055
0.0073083266430589,0.00108793496633841,0.459665885195136
0.305405051243784,-0.490293640225666,0.0397198465652764
0.0270410205045463,0.0419539489329125,0.253687127376907
0.317424843452609,0.029499492802012,0.410085808485746
-0.327626002655181,-0.397775321900827,0.29919770907145
0.123371189490999,0.355165754531211,0.212076763040386
0.154344597765283,-0.217259916864839,0.279655135353096
0.258253245513465,0.238337569598369,0.394547236035578
-0.4371649882305,-0.233895425042873,0.0838576289825141
-0.0538872322476653,0.0905583595223307,0.485225865035318
0.568198878809774,-0.221243118611251,0.236751549178734
0.281170230519638,-0.0972417624301245,0.464871602947824
0.370912643796598,-0.451313756739465,0.450469635194167
0.181269542796574,-0.536268906515215,0.375441093929112
-0.47176420229028,-0.00523014482947267,0.338284386205487
-0.256598766675098,0.338921341228293,0.324006722890772
-0.116114057178673,0.390251021597483,0.0366234348621219
0.027864895414053,0.0366279365477559,0.211779209203087
0.152501285491661,-0.218101635902838,0.265412182081491
0.308816840815578,0.125985216782518,0.471352381166071
0.445311380187749,-0.390562952439961,0.35611227969639
-0.398023293222377,0.204541410118017,0.362245287746191
-0.43202188219103,0.143436448742149,0.235064308857545
0.274822555708219,-0.108296461424684,0.0601411279058084
0.00447786764436062,0.0754427963354601,0.391548835439608
-0.450086829621208,-0.198796550621265,0.219078698544763
0.196269714092384,-0.193053405467145,0.215727989911102
0.176593017961336,-0.205683405152135,0.0137489394983277
0.0162561547178152,0.00585208638681347,0.0732809214387089
-0.0246473041560417,0.0887277975873123,0.211297578993253
0.149509334937877,-0.219431422474006,0.383568587130867
-0.470872738900895,-0.10300064036025,0.00238322268705815
0.00298947534421101,0.000179274805300207,0.301797845750116
0.100783099019688,0.365614005501317,0.452788630267605
0.213291655716843,-0.527501088015263,0.353330765967257
-0.37977419036732,0.230032919148927,0.13126857962925
-0.162914000662729,-0.0258810307850114,0.42553810973186
-0.158352945712663,-0.510762817301637,0.166802757536061
-0.104183764698684,-0.181885448102845,0.28914213378448
0.201259567649314,0.302515167116306,0.216386565123685
0.180522526401639,-0.20335133446766,0.0257976615102962
0.0258397055799209,0.0195769157868926,0.364901643944904
-0.44385952171897,0.115134033978158,0.274085207143798
0.283226674754286,0.195988940550808,0.375610992778093
-0.471951044677589,-0.00724781378097272,0.0253855823539197
0.0256251007908698,0.0189998365288419,0.357483106199652
-0.406391059998178,0.191443915295513,0.148847228381783
-0.154445520030256,-0.105513698074362,0.141738604870625
-0.162583973329053,-0.0727395551484753,0.414938563713804
-0.280074101899107,-0.4398235995916,0.0431976875988767
0.0253133321626652,0.0480204936255528,0.0213285594945773
0.0230428473549784,0.0136889823307684,0.174370404449292
-0.071000829125925,-0.207298320491579,0.271168005070649
0.29366308852617,0.172856032328767,0.304730431758799
0.0743017317178435,0.375657944688133,0.135686049237847
-0.164395643196847,-0.0452447882888775,0.10261546599213
-0.10907647532419,0.0687788309215866,0.190816074144095
0.0199611719344666,-0.238954266556292,0.23627905768808
0.279436891635672,-0.100373008290866,0.417758974945173
-0.249907310847989,-0.461672305860811,0.0607357481494546
0.00338308081278893,0.0762477760652325,0.337904062471353
-0.253062656228135,0.340974760387377,0.248342609964311
0.311805821865977,-0.012995712317618,0.45111887389794
0.190269233486252,-0.534008377862401,0.275631983415224
0.276949762824627,0.208015783897844,0.0642823382513598
-0.00361731446603714,0.0806985362079696,0.221004892839119
0.207187711185747,-0.184941296729871,0.0961488481843844
-0.0904281519021283,0.0801326282450302,0.217450311058201
0.186807781518195,-0.199428583270159,0.112566701485775
-0.134605254142777,0.0434865601890444,0.480548141058534
0.533136788972961,-0.28360130717013,0.224213732522912
0.224627862580895,-0.17008340461384,0.38857249263674
-0.460160327511608,-0.163352639358595,0.0791098872432485
-0.0403050323395509,0.0908753699852943,0.433404291281477
-0.0559634868258146,-0.541749009416835,0.103072802885436
-0.110349428971291,0.067821501945135,0.0889748415211216
-0.0690267149208517,0.0879578521562046,0.08244557317812
-0.0497874495600654,0.0908572089447694,0.282634488656186
0.242253382031713,0.25972735412114,0.363590510562062
-0.438244962995618,0.129229099594412,0.43795949453488
0.00635556795485361,-0.550319433647806,0.3542121918872
-0.385736301771552,0.222116880167475,0.238731605466455
0.288048404890466,-0.0838302233102072,0.410139996791258
-0.327127189043305,-0.398273767462346,0.00830610538832843
0.0102111524299956,0.00216314518607004,0.498055550619029
0.625127850901174,-0.0305739303344546,0.31744741788134
-0.0494743887086615,0.39583634471671,0.214237690437585
0.167601144370988,-0.210686350016109,0.0141964664217085
0.0167162667162705,0.00623097903441789,0.376666350290179
-0.472917859792133,-0.0198173640711357,0.10431698767934
-0.113772865767904,0.0651149306359003,0.499727702583186
0.627961646240836,-0.00429757317767801,0.453624596586451
0.224740795473738,-0.523869128530018,0.356232515885495
-0.39877416642604,0.203406359428891,0.365466441959143
-0.446138538372345,0.108990530614174,0.236243960564025
0.279306750552375,-0.10060451072841,0.431255343486555
-0.0847048718829597,-0.53527075255601,0.0827075612032786
-0.0505447208194849,0.0908150871924495,0.310213962802663
0.0223849122879861,0.389183130036907,0.14616569748614
-0.158296460454923,-0.0931641367300027,0.228070866898634
0.244164673575408,-0.150081620539225,0.022819604491815
0.0240877119442816,0.015559333442558,0.088830876047723
-0.0685968377543506,0.0880643084350798,0.0289660339476541
0.0271727874964442,0.024219505804305,0.47220511676278
0.454399438176397,-0.381619413972137,0.171371737145819
-0.0849215253091881,-0.197901114838286,0.258975285338238
0.317193293465054,0.0727892051225774,0.312622667639516
-0.00121115439267038,0.392851363420524,0.118632426834665
-0.147172953301463,0.0237559119306707,0.258061957196333
0.317656177354021,0.0652587119919222,0.403270913870074
-0.384137729282399,-0.330528589865713,0.174132367246784
-0.0721411028694372,-0.206587445990407,0.429343726485968
-0.109824894522651,-0.528233179628327,0.017219380591996
0.0196436018674581,0.00907491596404622,0.485498572932556
0.570022084047877,-0.217465727975592,0.372555068111978
-0.467282923859009,0.0287497204220311,0.136627620900981
-0.164412078196804,-0.049462936029657,0.338553050765768
-0.259086993368005,0.33744879050046,0.173973734024912
-0.0728976985020434,-0.2061102503647,0.473510260810144
0.467960426158952,-0.367524674409766,0.169311887468211
-0.0939059901351753,-0.190918860801929,0.0158566019963473
0.0183645205922618,0.00773237413898858,0.17679289879743
-0.0590652743465654,-0.21416900417415,0.193561793887056
0.0369138381113416,-0.240419570111898,0.178473580046557
-0.0504437810592634,-0.218530044183593,0.47998430300504
0.528443774701647,-0.290785965646682,0.191869102418423
0.0264224982056124,-0.239657671108291,0.27316881052684
0.286703290093077,0.188781084250266,0.462661737925373
0.34364625264302,-0.468967755611097,0.458429763559252
0.289248179858793,-0.498200222882531,0.12136649643071
-0.151878148846548,0.0139081812441735,0.358545419410802
-0.412579356106588,0.181063265656646,0.174473017919809
-0.0705074477935674,-0.207602837293622,0.27714167535305
0.270332243922625,0.219567832976906,0.371486206538975
-0.465004168356502,0.0411721928501574,0.409849159303121
-0.329795593596969,-0.395591278871677,0.434828632511199
-0.0366585406800641,-0.545190707528319,0.0179325671633705
0.0202845180318566,0.00981592160586039,0.110012201708741
-0.128552931859809,0.0508521097144333,0.18348660483025
-0.0232182414625412,-0.229404089664331,0.152848221012391
-0.146918972961316,-0.123723566310799,0.363915228750557
-0.439677323390542,0.12576050809123,0.349864383111708
-0.354803511096666,0.25963211183136,0.455030463403091
0.243860122002709,-0.517200923136179,0.422801304841414
-0.191841016522122,-0.495464419849696,0.389272320084274
-0.458039615148933,-0.171729255255932,0.200421714107506
0.0803625278267074,-0.238692251270712,0.288402329431847
0.206319966228626,0.297956697940042,0.0381797230802476
0.0275336209631639,0.0392911374226683,0.436487425351515
-0.0139573070123041,-0.548328667767707,0.478142867796123
0.512451519527009,-0.313714239589881,0.252765539917164
0.316867603408568,0.0220596075847806,0.462183181894943
0.337631466661463,-0.472577596998896,0.067256766371429
-0.0100800461612777,0.0839140889141053,0.119368501589634
-0.148502949054696,0.0211598452275075,0.244981311028823
0.305406928269304,-0.0387276166185969,0.237030048388988
0.282175519145918,-0.095383430955919,0.217497079516761
0.187082293033716,-0.199251713185033,0.0196244800463319
0.0217216284469921,0.0116759722479735,0.322165507590398
-0.0973808761591914,0.392958691872771,0.357783600105904
-0.408168096988186,0.188527663733903,0.175833360641263
-0.0638639500272244,-0.211528132357362,0.473278374411166
0.465582463398185,-0.370064347320719,0.371553253615275
-0.465156824359778,0.0403958564863832,0.0253929601749405
0.0256290237165313,0.0190101110433155,0.49018239043653
0.597325111702319,-0.150451803506005,0.10891122627072
-0.125824841964349,0.0538450021406936,0.0180980010190979
0.0204302833686726,0.00999150800427471,0.13035193271935
-0.162325472620381,-0.0219668339333831,0.36020789295435
-0.421728762221662,0.164430550779543,0.123947090585716
-0.155701975539903,0.00412122553055198,0.117457895772532
-0.144958160185971,0.0278112559795564,0.010505921440199
0.0127445814991362,0.00344556025224295,0.13231031387113
-0.163467685731031,-0.0303761932445137,0.345900809741579
-0.32351686385684,0.290303965886125,0.017334695556201
0.0197485914924047,0.00919296249873164,0.0313930647680536
0.0277946622161838,0.0279952618781673,0.198853045934811
0.0703372322991937,-0.239782694068166,0.245014212443493
0.305479868790875,-0.0384802288483829,0.315524373785593
-0.0301092419789349,0.395354756772532,0.361702156136744
-0.429378975668916,0.149096285031612,0.0383828962221742
0.0274780810313937,0.0396410524139048,0.210723040276207
0.145927454567524,-0.220964883124734,0.4868633429287
0.578766890584576,-0.198345656503867,0.406902891700156
-0.355583079194624,-0.367448336375541,0.111883861478418
-0.133027287663216,0.0455123232419563,0.244871152914129
0.305161257293096,-0.0395552148505459,0.0056700964923948
0.0070530270136126,0.00101195151943181,0.129301148466766
-0.161536179571515,-0.0175303417604616,0.227299385936931
0.24039304083026,-0.154263738029793,0.370488344109617
-0.462579593934637,0.0526779899858177,0.495330005884171
0.618167632717403,-0.0728891894263681,0.166102473041974
-0.106917896595447,-0.179267941580694,0.472395702730864
0.456406290606216,-0.379591639421622,0.480926709948108
0.536233038649924,-0.278735442088708,0.449638749822043
0.16971861592813,-0.53894114985672,0.246357917552814
0.308286437655728,-0.0282982368535714,0.392467738944106
-0.446421322110806,-0.2096279851692,0.401559523539618
-0.396305741732749,-0.312374187581907,0.338883811840788
-0.262139053866586,0.335610949671114,0.290638789301738
0.190722897226692,0.311473729760567,0.165334043675102
-0.109849346277298,-0.176350132716519,0.000657328288070858
0.000825910369436728,1.36456621204417e-05,0.0329009820707142
0.0279971564371009,0.030422600762232,0.0429759586695582
0.0254492373490747,0.0476329302690652,0.00655485840979964
0.00812555433086582,0.00135085934226446,0.167872812133282
-0.0998918925178182,-0.185805557213716,0.0596321582561359
0.00539646466787821,0.0747414161315161,0.296797722694464
0.143397262422989,0.344298739049072,0.0186563378665596
0.0209139724488999,0.0105942629695773,0.00478589592967182
0.00597068060717138,0.000721653124080278,0.0807980629615486
-0.0450648821603064,0.0909850380239691,0.415949494112283
-0.269465024818607,-0.447885397352868,0.383421377162449
-0.471069734532797,-0.101218947323334,0.136390158208087
-0.164418086764377,-0.0483965740800679,0.0940816494403407
-0.0842926561789291,0.0828990377386425,0.112880917382427
-0.135321151973171,0.0425406395107746,0.0309851837810129
0.027715343247261,0.0273488548986428,0.0299501204863191
0.0274680540377009,0.0257294962198382,0.0740779351908714
-0.0506224843173309,0.0908104253493491,0.0364939429564402
0.0278850080464982,0.036407870311682,0.0214429459301755
0.0231267671944531,0.0138289401413483,0.261230636155233
0.315282157846296,0.0914315695442887,0.394615744706243
-0.436837455490407,-0.234688537253584,0.347376674064435
-0.335485311430573,0.279293584333546,0.03328802366741
0.0280257602134704,0.0310545702579824,0.00897887325845659
0.0109971089727925,0.00252464965392736,0.221079211682081
0.207602578109061,-0.184616042868132,0.0788010415853932
-0.0394438454299632,0.0908294935423549,0.359430057927966
-0.417530341582609,0.172270229104135,0.35197091626469
-0.370261650477823,0.241940763350585,0.442613152437843
0.0712798511009819,-0.551617778838444,0.162630507606082
-0.119581263968125,-0.165729918354142,0.485440783319063
0.569637820321308,-0.218267421099771,0.492410133127123
0.60755708286883,-0.117320491026512,0.0195923588471487
0.0216954780951757,0.0116393502757457,0.446785644046031
0.129840924780241,-0.546227531254533,0.41119957563933
-0.317223799621217,-0.407894023356617,0.362122346414253
-0.43143015162062,0.144721512611093,0.144460068899207
-0.160251420291373,-0.0852879276516955,0.250974302296527
0.315289061244305,0.00772199122183133,0.214173500658944
0.167210918823765,-0.210893254148033,0.305008008028381
0.0717445522316492,0.37650979423224,0.463056587032042
0.348580357905979,-0.465931799080416,0.120061628869735
-0.149713316213074,0.0186776439841154,0.135940916952677
-0.164410700015182,-0.0463838555603249,0.367501823231578
-0.453640337752284,0.0865149792482936,0.375772936502472
-0.4721211025177,-0.00917258457203615,0.465295960428193
0.376047800783244,-0.447740628426443,0.231365137384273
0.259433893127061,-0.131243930754626,0.430345588363707
-0.0967159794840659,-0.532069462950613,0.156018209760077
-0.139439387940086,-0.137824164158083,0.104019506718032
-0.112959808954277,0.0657756181219367,0.460413733613677
0.315077649240099,-0.485255341487792,0.0263684421079233
0.0261216587984588,0.0203868679425061,0.205577715532854
0.113376600550831,-0.232128268689173,0.228170607588254
0.244647067259798,-0.149534454451595,0.207930123782717
0.128346551449772,-0.227598413143414,0.335176725871861
-0.227265156654542,0.354621198329507,0.378452040022239
-0.473788109460826,-0.0412089382896199,0.455825657234527
0.254591340366106,-0.513119463128703,0.409976042923518
-0.328634113760289,-0.39676375631099,0.0468249262776226
0.0225862319719821,0.0543344804391887,0.0889530406566337
-0.0689616097849856,0.0879740988147393,0.3211072901031
-0.0866111475819975,0.394110547628467,0.437141496920958
-0.0049494708701191,-0.549305908196713,0.296156675205566
0.148603844175236,0.341205283342213,0.131216096109711
-0.162882847905246,-0.02565585408037,0.441876132041216
0.0609487434101854,-0.551922842121092,0.0938446731306612
-0.0835863566204396,0.0831895301114791,0.244433491141535
0.304163103553633,-0.0428327256211122,0.0049102435586974
0.00612346761393206,0.000759543907385195,0.180217021610588
-0.0412217791586226,-0.222684177609773,0.221080845454708
0.207611692723964,-0.184608882551974,0.0628646106924862
-0.000723901166514011,0.0789946828313886,0.31218227383215
0.00313261001783263,0.392287307692668,0.151215665857308
-0.150248236219615,-0.116336958213112,0.119818614097312
-0.14929365273869,0.0195520278797184,0.179314881796017
-0.0460281553630759,-0.220582630880919,0.44645520625636
0.125207514270889,-0.546882218753057,0.495313632534817
0.618117153148327,-0.073141145857552,0.366210598731413
-0.449011222794975,0.100832857594836,0.49639404413756
0.621227213499222,-0.0564549500055292,0.26989468105603
0.297639322529868,0.162604144808001,0.216900880914181
0.183571209489458,-0.201478693715429,0.482336837099865
0.547372993679343,-0.260321154769771,0.0741598216118291
-0.0269200971146554,0.089219132280354,0.0332465278916061
0.0280231554969804,0.0309866500680538,0.0121257440187037
0.0145355238348192,0.0045721776810223,0.306211620918475
0.0605620591396618,0.380001143814223,0.348304374027066
-0.342818535548681,0.272121113751164,0.400570943602361
-0.402949340917751,-0.301687743341104,0.0688651419477537
-0.0137848900335218,0.0854335238135037,0.0798924113623798
-0.0425006484469114,0.090956058185551,0.494416796485893
0.615195764455574,-0.0868960928226197,0.19932284776587
0.0733363285526184,-0.239499997478467,0.0939559080870822
-0.083917948561607,0.0830538559705542,0.23886412056163
0.288486044642429,-0.0829164239822676,0.272117011365481
0.290470155501723,0.180439682337079,0.164078990346752
-0.114480708654023,-0.171486301449536,0.499965296825394
0.628274682455654,-0.000547972462829978,0.263890917995013
0.311610485237719,0.113434938021537,0.0668672540923581
-0.00920448080552418,0.0835222151140469,0.219270033878274
0.197368016444419,-0.192275138384041,0.310396969900467
0.0206067952486517,0.389511624150193,0.101456206059083
-0.105817476111391,0.071114605355531,0.0670848863665015
-0.00969262610039866,0.083742291375479,0.388416999019682
-0.460610796312293,-0.161488450701802,0.317974924342707
-0.0548086852175365,0.395802279973262,0.141068148310296
-0.163011777187604,-0.0696586837236497,0.0956297280499712
-0.0888924546383818,0.0808666034318654,0.132768359966576
